P1: [0.252430035350537, 0.01118960248155131, 0.13055864235635262, 0.5080882147295428, 0.28534031439918285, 0.019779986787491276, 0.9299843864503472, 0.9788870935783658, 0.03705085728966568, 0.22268946984080576]
P2: [0.377384171100492, 0.8665034793207517, 0.6866683402185385, 0.008849798044792225, 0.6421457706970403, 0.934697313824735, 0.06905212732072127, 0.018715979783028966, 0.22782559074874268, 0.4990058643342871]
P3: [0.37018579354897003, 0.12230691819769694, 0.18277201742410988, 0.483062987225665, 0.07251391590377693, 0.045522699387773676, 0.001963486228931586, 0.002396926638605244, 0.7351235519615916, 0.27830466582490615]
